189	2214	
1276	2441	
723	767	
1437	279	
1507	1815	
810	570	
177	570	
1073	86	
715	377	
1496	2055	
922	998	
1020	639	
253	327	
33	1149	
784	592	
510	934	
489	2303	
660	1376	
379	911	
206	1404	
1435	453	
975	1965	
392	830	
155	789	
316	626	
501	56	
69	1983	
1086	2067	
1590	1833	
436	1557	
1398	2186	
493	1009	
259	763	
1571	2096	
252	1562	
205	2210	
1134	787	
280	186	
121	1027	
1161	1126	
327	531	
170	1793	
1194	2296	
1092	931	
971	424	
471	918	
664	1999	
1170	1340	
985	1597	
1483	1528	
1411	1805	
387	1525	
286	1717	
707	1691	
1433	2051	
378	1841	
333	1326	
1655	931	
1007	1322	
1439	1553	
1466	2316	
996	2262	
743	2219	
661	1584	
1333	77	
311	747	
1687	10	
963	1380	
3	620	
29	1859	
364	1389	
1454	358	
1069	46	
528	1547	
1159	1629	
624	2405	
953	1507	
1375	113	
1482	1058	
1202	560	
148	137	
1407	1625	
1519	1797	
627	2241	
1179	2449	
424	2161	
490	235	
653	1495	
719	2181	
1123	1981	
1648	2319	
1592	2337	
1355	1478	
455	749	
949	1004	
492	616	
1095	193	
625	615	
873	539	
604	2323	
1174	279	
747	241	
169	1906	
1238	1245	
901	1396	
755	1346	
748	1306	
775	2119	
366	2461	
190	431	
874	2362	
745	2331	
427	1296	
1185	25	
1640	1912	
1055	1604	
1270	789	
711	1652	
466	1700	
446	1875	
787	49	
248	2242	
799	1249	
1372	784	
586	358	
1404	1829	
227	1560	
1584	1569	
592	627	
1601	572	
1374	2233	
1445	2188	
122	1048	
246	2167	
31	2298	
617	1787	
1382	2083	
83	2269	
1102	910	
1634	2481	
1621	818	
1132	384	
1112	1692	
566	1550	
1677	439	
764	2305	
80	2195	
91	380	
1605	917	
1673	1864	
1221	1304	
1453	401	
1396	1516	
1030	484	
1144	1061	
606	1762	
1341	227	
1477	454	
688	1334	
290	663	
1215	1305	
944	1526	
1609	1488	
1244	753	
1351	1199	
1347	2400	
132	1219	
527	310	
537	837	
1505	768	
1271	348	
224	866	
9	2050	
1442	1993	
323	57	
302	977	
1230	1881	
555	348	
1578	26	
883	796	
362	2219	
1395	1338	
1297	554	
1440	79	
945	687	
1326	2441	
229	889	
81	2314	
1610	1800	
685	1806	
644	1188	
815	354	
141	1929	
1317	1894	
56	1910	
1630	2169	
603	1199	
833	1292	
1365	178	
690	959	
1309	120	
700	485	
838	1369	
753	2487	
749	799	
4	574	
142	213	
99	170	
10	2175	
399	2067	
200	563	
560	309	
1141	874	
972	1279	
268	1333	
247	413	
137	1722	
412	2066	
897	1095	
245	1245	
1226	4	
40	1390	
1596	939	
1457	314	
774	1087	
1258	276	
933	329	
133	1491	
1106	824	
757	1906	
564	588	
569	2168	
1014	816	
447	181	
809	2410	
1186	1436	
986	1903	
823	2059	
947	835	
87	2138	
201	967	
538	2236	
519	1589	
212	513	
599	2097	
136	626	
511	827	
449	2333	
958	2197	
1468	970	
1004	1405	
433	771	
1167	1419	
1087	1811	
571	663	
1681	1398	
1458	754	
1553	1511	
193	1769	
172	1018	
1603	2489	
1360	2011	
1459	2424	
903	1353	
1654	2179	
1291	2010	
765	87	
1595	552	
443	591	
1479	2008	
165	153	
923	354	
1140	2081	
1334	2367	
1316	668	
1470	725	
199	1193	
850	751	
791	49	
1386	383	
795	166	
1301	182	
419	1116	
486	392	
254	633	
609	1151	
1403	513	
182	742	
1412	540	
1057	2283	
1085	2062	
913	984	
698	2314	
235	1072	
871	2317	
474	1185	
0	1696	
1239	698	
1441	562	
347	1984	
310	2224	
134	2462	
144	2397	
825	976	
348	1118	
792	1258	
905	1645	
187	651	
149	1804	
62	911	
956	2348	
974	2145	
101	459	
1222	1220	
1328	882	
597	518	
1391	2215	
318	304	
228	388	
1012	42	
1313	253	
928	1597	
283	2309	
1546	1792	
73	1199	
260	1853	
890	571	
481	183	
895	407	
1476	2008	
932	2090	
957	1131	
1661	1541	
18	2254	
352	978	
1062	1561	
1514	2162	
173	64	
1444	333	
1434	238	
648	1481	
1164	2082	
1157	1641	
384	695	
1348	2097	
188	1229	
1037	233	
1046	587	
1024	325	
900	1802	
350	2147	
11	2321	
881	540	
1209	7	
1563	1903	
746	2174	
578	1468	
209	1850	
514	1760	
1408	2200	
305	1249	
869	803	
639	2116	
919	2152	
335	177	
681	715	
1492	312	
336	697	
638	1505	
1255	451	
1692	328	
1420	1436	
924	839	
884	1908	
1331	1422	
770	1341	
42	1599	
1332	94	
739	1072	
906	1640	
1680	1979	
1438	2342	
999	295	
750	2381	
1338	1164	
1685	2427	
1628	284	
380	1034	
1619	141	
1471	2436	
1130	330	
439	1221	
839	406	
979	1219	
619	178	
1201	358	
843	566	
1223	2429	
24	734	
1436	1648	
695	2119	
677	1450	
1052	74	
1236	446	
1464	1711	
1032	1028	
1500	2487	
457	883	
546	1342	
844	1718	
1504	675	
1633	423	
533	536	
657	2341	
1570	1700	
731	663	
1638	1704	
1306	1186	
1098	1401	
1662	165	
1054	1347	
1190	1275	
1650	655	
779	48	
115	1066	
180	1938	
568	2435	
504	1498	
1513	2144	
828	841	
1624	1637	
426	1753	
198	1998	
868	55	
499	59	
1455	1745	
152	935	
788	1173	
25	2214	
1296	1918	
1376	1543	
1169	2275	
782	339	
888	328	
1506	2112	
1121	39	
988	2181	
908	497	
1113	26	
79	1881	
6	692	
46	396	
1369	1922	
404	1896	
517	1661	
729	351	
793	306	
646	2271	
287	314	
636	2229	
1406	2372	
21	1510	
207	2438	
1278	1944	
1322	1011	
438	289	
184	491	
798	286	
590	608	
1593	1067	
710	2217	
822	743	
52	1640	
356	305	
1023	178	
545	44	
1646	1659	
1516	1788	
1038	845	
1405	1563	
722	1684	
634	2148	
435	172	
71	761	
912	1349	
282	126	
68	1441	
611	1463	
694	1228	
1632	2154	
1559	1898	
344	299	
75	262	
1541	1643	
1234	208	
1422	2301	
1272	909	
626	427	
410	2312	
946	672	
358	2400	
1294	1865	
853	1863	
281	417	
544	2332	
76	2333	
222	2143	
613	1830	
174	2225	
50	470	
183	693	
1686	587	
676	277	
551	1513	
1343	2204	
357	1542	
882	1214	
1327	941	
712	2075	
297	1614	
1154	2146	
1410	1850	
1373	2247	
1100	1952	
65	1649	
1370	1414	
328	2261	
911	2175	
552	1112	
600	711	
391	678	
1126	2158	
164	1130	
23	1939	
1090	1998	
1275	2136	
1594	1849	
1494	814	
867	223	
804	563	
1556	1522	
1295	1590	
1576	1196	
320	413	
1000	453	
1118	170	
769	1856	
1366	1170	
587	1152	
1474	471	
865	648	
1664	1975	
270	1574	
1002	436	
317	2301	
176	1156	
763	238	
714	1361	
1512	385	
968	2154	
1188	1266	
513	2086	
491	398	
967	1196	
416	1310	
371	678	
1378	262	
925	399	
444	1803	
728	851	
1330	2173	
1526	840	
423	1913	
969	1143	
370	2030	
1508	619	
1093	1977	
1204	2463	
157	293	
960	819	
1096	2352	
1029	442	
659	2285	
1416	1314	
742	1945	
591	577	
614	1432	
1089	1241	
106	1059	
354	2079	
1517	451	
232	374	
216	1294	
1400	2255	
557	31	
1527	1813	
1203	1104	
63	1627	
978	2263	
1274	2434	
202	1460	
385	2208	
1572	650	
841	1777	
312	1034	
1469	975	
1397	887	
724	929	
111	1570	
408	1436	
1018	1490	
998	132	
522	1428	
582	2093	
460	481	
1698	1716	
1423	989	
1670	2177	
2	1015	
273	261	
1577	1398	
1399	1393	
84	1253	
1359	1608	
162	1740	
673	2	
1252	295	
701	383	
970	1822	
214	2118	
1005	2426	
929	1986	
70	1794	
851	1901	
1665	101	
1103	1369	
1105	788	
816	2223	
938	1390	
1451	334	
773	1356	
500	1312	
1566	893	
158	2316	
1394	2	
1381	2198	
524	2053	
61	841	
1478	1889	
512	881	
14	952	
532	529	
341	1729	
5	627	
807	1948	
1213	1945	
484	2094	
1582	985	
862	2268	
740	1322	
1305	1125	
940	1323	
1643	616	
1166	1036	
640	2039	
1104	1147	
1449	2272	
1615	482	
1131	1105	
389	2363	
989	1378	
819	609	
1329	1201	
1292	289	
794	1314	
651	941	
1302	223	
1145	1162	
1277	1602	
1304	105	
1143	649	
98	650	
1053	1849	
1224	1152	
128	1107	
1539	2452	
1597	991	
679	1144	
1491	1769	
12	1833	
852	935	
1010	1485	
934	2167	
397	35	
437	297	
295	281	
1387	1765	
271	925	
22	2021	
866	2236	
1679	1095	
264	2002	
1097	528	
1128	1942	
962	769	
954	1747	
735	2272	
497	1120	
684	1557	
767	957	
1231	594	
27	1850	
1534	1975	
1027	788	
1696	1606	
147	942	
1156	60	
1220	1361	
1314	950	
1124	1901	
1219	803	
159	2322	
319	91	
226	1825	
463	976	
445	567	
88	577	
92	655	
550	514	
658	2470	
284	801	
678	439	
631	1405	
151	1401	
322	1241	
1367	1532	
1461	2174	
243	1199	
930	1416	
225	2328	
1697	61	
13	1241	
1149	1317	
1565	169	
543	2197	
872	2232	
420	745	
781	1157	
686	1000	
57	1869	
1521	1204	
554	1294	
41	1382	
1417	1835	
291	2034	
1288	321	
1489	1505	
708	396	
1028	551	
1586	1538	
736	932	
266	506	
842	978	
1173	1720	
1088	691	
51	1870	
168	222	
1551	1050	
1635	1647	
462	1481	
1608	2202	
123	1237	
292	411	
1172	736	
1125	1090	
1669	1425	
891	1413	
1536	1169	
15	0	
249	1438	
478	792	
565	239	
885	737	
1009	1648	
1573	324	
1008	1451	
1490	1999	
324	622	
629	42	
451	36	
140	1630	
1072	1956	
456	964	
615	1788	
7	70	
330	2261	
1639	856	
1486	1552	
1323	871	
1671	1562	
422	1018	
762	1153	
1560	910	
372	2241	
983	1591	
1498	410	
607	1050	
1138	976	
1200	1794	
367	1516	
368	2302	
786	1068	
1268	2121	
857	2011	
197	1613	
879	2141	
516	2456	
1011	201	
468	1445	
1148	1374	
1425	532	
1620	1548	
1352	1441	
203	859	
847	417	
45	1786	
262	772	
448	813	
824	220	
846	2149	
1196	1435	
602	1087	
802	1037	
1153	905	
812	2405	
1039	222	
1320	391	
952	234	
561	2367	
1176	1528	
477	693	
1218	2449	
530	972	
1631	2374	
1569	214	
233	1360	
576	152	
60	1277	
1602	1516	
654	700	
301	92	
840	743	
899	2306	
1299	957	
100	1777	
1207	158	
1019	138	
1618	77	
1325	1483	
549	1967	
47	2125	
355	2046	
780	1690	
459	28	
1346	2161	
1656	1096	
531	45	
693	1886	
1047	1310	
1184	1629	
966	2138	
948	1476	
1135	1190	
432	614	
1645	1824	
720	482	
904	1774	
261	2036	
1111	1052	
836	440	
154	67	
683	2484	
414	50	
402	802	
53	774	
581	1793	
941	1645	
601	318	
1363	2481	
553	1609	
541	1844	
487	55	
1540	1947	
1472	1060	
265	39	
1298	1667	
556	725	
772	354	
1528	1465	
1418	867	
817	1438	
1045	496	
303	1455	
1280	122	
395	2411	
77	1058	
1083	1217	
376	532	
185	360	
756	2427	
44	913	
1561	2192	
467	1277	
1273	634	
251	206	
393	1029	
210	819	
1206	719	
400	609	
1257	1444	
258	456	
1193	1005	
667	218	
179	1079	
696	397	
116	2119	
567	1010	
535	2150	
990	1724	
1279	1684	
342	428	
926	590	
1390	1558	
741	255	
1065	1167	
36	799	
733	1402	
139	435	
1017	439	
727	209	
921	563	
738	1155	
1217	557	
145	1289	
973	1629	
461	2317	
914	85	
889	995	
1617	2073	
1690	2031	
1120	1137	
1676	179	
1340	1757	
863	1737	
48	2131	
1042	1239	
230	666	
442	103	
374	302	
238	769	
505	1214	
1254	972	
827	944	
894	927	
96	146	
1627	2403	
977	88	
257	1582	
1003	1641	
306	1619	
716	1419	
1315	1343	
1523	561	
991	766	
1235	1526	
789	826	
917	2348	
1421	956	
1189	1495	
641	576	
645	376	
388	194	
186	1876	
534	84	
1260	824	
875	1712	
1587	354	
1446	1130	
1691	469	
406	705	
289	2008	
485	278	
1191	2300	
1099	1175	
377	1844	
1266	389	
1040	947	
1259	309	
1146	1085	
1384	779	
992	1388	
1623	74	
1465	1070	
1644	2072	
1241	70	
610	2285	
1585	1195	
935	2202	
801	2225	
1070	548	
1525	1328	
1251	2105	
562	2022	
539	2213	
1657	116	
1622	559	
17	1260	
806	550	
1071	739	
329	2191	
365	2093	
887	668	
120	2305	
296	346	
1075	219	
59	1519	
1362	483	
758	1540	
1532	484	
1081	1940	
1456	1402	
369	578	
127	854	
583	1733	
920	1200	
1550	1031	
1554	1507	
1041	700	
263	2411	
112	2353	
1535	174	
346	1540	
465	748	
1324	307	
563	2328	
1250	753	
1515	1543	
1511	168	
1393	1858	
845	273	
160	893	
1307	186	
811	1458	
558	1273	
1345	911	
820	720	
256	533	
211	24	
1162	963	
616	390	
1683	2244	
721	1069	
194	1282	
709	1708	
1443	1673	
1035	1789	
704	2075	
994	1928	
981	125	
1245	2026	
1480	361	
689	1095	
453	1856	
119	211	
405	1966	
1510	850	
360	2145	
1379	324	
1312	2218	
1165	132	
860	64	
221	772	
1380	1946	
682	65	
1545	1868	
1616	1608	
1473	1566	
126	2029	
107	1847	
411	1932	
1063	1460	
470	1530	
1101	361	
702	1254	
529	1723	
85	429	
1462	2058	
495	14	
674	1627	
1068	1188	
1287	30	
1151	2156	
785	1780	
1663	1881	
572	20	
242	1284	
1612	1188	
1388	2210	
1079	1964	
854	284	
338	1263	
1232	424	
1604	1024	
909	698	
964	1240	
1356	1327	
520	443	
706	872	
386	281	
790	1234	
308	1809	
476	1042	
86	304	
1021	1983	
1509	1585	
1579	1138	
1428	2230	
1484	2288	
526	52	
1155	928	
1555	2330	
326	2467	
1389	2205	
458	1058	
1488	34	
66	2108	
1036	884	
761	800	
594	1672	
1049	2357	
450	258	
35	601	
124	1729	
108	1304	
672	1556	
643	437	
1242	448	
417	733	
39	2409	
321	1849	
8	1293	
64	1547	
241	528	
725	947	
1653	2288	
396	1819	
902	1320	
1666	150	
1122	714	
1300	2453	
30	1549	
304	1499	
1225	2243	
1495	2036	
1353	2071	
1414	809	
1116	2273	
375	1237	
1598	65	
878	2104	
110	2056	
89	258	
593	2059	
1303	574	
19	674	
131	1881	
628	23	
1168	1581	
1580	2421	
623	555	
26	2454	
612	1965	
1246	2072	
1077	1172	
1538	663	
1187	1814	
1409	1778	
175	172	
469	2265	
1064	85	
521	489	
692	1403	
800	513	
955	556	
1119	1582	
759	1471	
1682	2383	
1522	534	
1611	1655	
337	393	
818	932	
649	409	
156	817	
1531	2348	
482	387	
231	2055	
331	611	
1358	525	
1658	1651	
363	100	
82	2192	
783	1422	
976	386	
332	1793	
114	2390	
937	1810	
1693	1011	
351	1720	
278	186	
858	34	
161	1172	
830	967	
343	182	
129	2218	
452	1340	
1606	1713	
394	492	
340	499	
16	2448	
1237	1349	
94	1308	
1284	1748	
1361	621	
886	1648	
130	58	
1688	887	
1629	1011	
234	1167	
67	2143	
959	2165	
621	194	
359	1661	
74	208	
1695	1312	
656	1765	
1114	1003	
796	1410	
382	2224	
699	1070	
275	1530	
163	491	
213	1439	
279	1641	
608	986	
1319	1472	
939	860	
697	2323	
598	344	
647	1419	
1183	223	
635	1057	
675	2273	
219	877	
217	2200	
191	1003	
861	1375	
1415	553	
803	1458	
425	2250	
1160	1750	
1066	2161	
494	1082	
1429	1943	
1402	874	
502	1867	
1016	2008	
1558	898	
498	2039	
993	2376	
589	190	
117	1723	
896	1182	
1427	2003	
1426	1363	
1212	1608	
595	1627	
1431	1585	
1001	1141	
752	2079	
223	1429	
1210	1695	
1529	1662	
1078	78	
1127	379	
575	2352	
1625	199	
353	25	
668	1057	
1060	787	
671	1147	
1286	2386	
1181	1292	
496	1358	
1197	876	
1136	543	
93	252	
834	2363	
730	1368	
1401	343	
703	1287	
1208	575	
1152	237	
961	1213	
1269	442	
1133	2324	
965	20	
1240	765	
766	978	
1694	832	
434	682	
1547	2439	
441	2181	
1177	3	
1229	370	
239	314	
1180	1390	
880	704	
580	1263	
178	937	
877	2101	
751	1910	
1059	718	
269	2096	
102	1363	
1549	236	
1651	301	
428	1334	
1091	1737	
837	1521	
421	113	
237	1586	
797	2411	
464	2203	
488	1073	
1385	2334	
204	121	
1285	912	
637	816	
32	455	
1447	2414	
596	876	
1290	671	
1310	660	
1199	309	
196	2211	
663	818	
1667	102	
1336	363	
1084	1160	
1448	1998	
536	1841	
1163	88	
1607	571	
277	653	
856	1965	
1067	1534	
1289	622	
49	294	
808	1756	
1689	1131	
1227	2006	
1050	1884	
250	2091	
1031	1477	
1533	206	
622	831	
1175	1043	
288	531	
192	1297	
1647	732	
272	613	
1430	1117	
1588	322	
1568	1013	
717	578	
37	63	
103	2283	
429	658	
38	1148	
525	942	
1117	2035	
1487	2354	
931	642	
218	1224	
334	946	
1205	281	
1171	2069	
987	2453	
1641	1507	
652	703	
1636	1400	
1015	638	
655	2123	
90	1576	
1413	616	
215	2309	
293	549	
892	2006	
1548	784	
666	746	
1264	2333	
813	1342	
893	1198	
95	2032	
547	1543	
1368	789	
1056	1592	
670	1858	
588	2066	
1377	2249	
1293	605	
1600	1436	
620	1748	
1150	1499	
907	1382	
1339	2189	
383	2264	
915	1124	
314	2144	
78	2457	
542	310	
1364	1675	
1034	499	
705	1593	
1249	1726	
153	335	
483	1308	
734	1977	
1530	895	
1265	42	
579	2256	
1497	57	
381	1201	
1371	1670	
570	2216	
848	1693	
1383	1764	
1614	2459	
409	882	
54	337	
1392	379	
1044	419	
58	1088	
1262	1804	
1228	1098	
507	314	
1659	942	
1524	547	
454	1075	
618	1138	
1581	2085	
325	403	
1544	1088	
171	1578	
632	910	
1006	575	
166	1658	
1589	685	
105	925	
1542	4	
1463	2463	
1503	2431	
1575	1463	
918	271	
1699	1095	
982	1097	
1026	1781	
299	546	
1022	1840	
167	438	
1652	1348	
143	2458	
313	862	
1613	254	
1349	2399	
1308	971	
776	1691	
916	1138	
1642	1917	
401	1088	
1256	1363	
307	849	
1013	2224	
768	2345	
118	1692	
997	1340	
1283	2486	
821	137	
777	582	
691	638	
951	1792	
113	1084	
680	9	
1475	501	
473	1486	
267	1192	
1074	1434	
1337	42	
744	1155	
195	2373	
927	1960	
72	153	
1562	1867	
778	2404	
1342	1578	
472	223	
1243	496	
1493	1022	
135	905	
1350	695	
97	1797	
220	190	
771	341	
349	2236	
814	2273	
1248	1738	
1649	1700	
413	655	
1675	1613	
309	1657	
1452	1562	
1033	800	
584	726	
1583	2345	
431	2407	
642	1962	
726	1137	
1574	470	
1	2319	
1025	695	
1419	2445	
125	449	
1080	135	
430	2475	
407	729	
1129	1747	
1537	490	
315	493	
1048	1052	
1107	466	
1672	990	
754	1883	
298	2464	
713	2179	
1216	1461	
826	86	
1214	252	
300	1772	
1357	1762	
829	1567	
1043	2256	
294	1051	
1335	450	
1344	496	
1499	189	
1321	553	
1674	374	
585	1827	
1147	2422	
1637	1038	
760	754	
943	2383	
1282	2012	
980	210	
415	1612	
1192	316	
995	1301	
1051	1092	
506	819	
1450	2330	
942	35	
574	1470	
835	1777	
859	2408	
1460	2330	
1668	32	
1261	2405	
1311	2257	
104	1689	
718	61	
630	975	
1058	1351	
1267	419	
605	1997	
1110	476	
870	620	
1281	770	
548	1014	
276	1189	
440	1209	
28	565	
540	395	
1195	1052	
1094	697	
1552	2087	
665	187	
737	363	
55	396	
1481	591	
1432	2094	
1678	533	
208	588	
403	1529	
669	2127	
1599	2028	
285	1661	
480	1367	
1233	2170	
43	638	
515	929	
1543	1913	
150	2172	
1520	1895	
1109	2026	
523	1420	
138	1561	
1247	2310	
339	2014	
274	1168	
503	162	
109	1608	
1263	357	
832	371	
479	1712	
1502	707	
662	2178	
34	1212	
345	1031	
181	1996	
984	2212	
1142	1687	
573	1624	
1684	587	
1178	1402	
1182	2379	
805	1505	
418	630	
1485	2095	
1076	833	
398	623	
236	1927	
1567	567	
20	521	
1139	1942	
146	903	
1354	2422	
1137	1167	
361	1775	
1082	451	
1115	898	
1591	193	
390	798	
559	803	
1501	141	
475	516	
1061	1390	
633	2387	
864	1664	
240	446	
876	1888	
1424	1593	
936	1464	
509	1805	
1318	276	
577	701	
950	1163	
650	1920	
732	1945	
244	1521	
255	985	
831	981	
1626	2223	
518	1475	
508	2103	
898	1000	
1253	1924	
1158	346	
849	1450	
1467	2226	
855	1364	
1564	95	
373	614	
1518	2465	
687	131	
910	2020	
1108	1689	
1557	660	
1660	2005	
1211	2389	
1198	651	